$coord
    3.85710109571241     -2.51499870474195     -4.95325563156284       c
    5.86130682896801     -1.37546361597461     -3.61791846011853       c
    6.02045956318400      1.26970320368381     -3.64932570830981       c
    7.05056817097875      2.29121733706376     -1.49487352006359       c
    6.29917526930505      4.73410409288999     -0.47843708078050       c
   -2.32695205808044      2.27651526781417     -5.82245405984571       c
   -5.41707001159099      3.89703100872576      1.50462450686666       c
   -0.59899782807938      0.13535616901902      6.73103438056578       c
    4.74561252498896     -3.71501258840180      2.69694153602091       c
    5.44439545135308     -4.10896379360254      0.15070225693188       c
    1.47380118404789     -1.57749234623223      6.24722669813909       c
   -4.53213016468998      3.03185769708834      3.95854159408232       c
   -4.09437510792043      3.41511305242369     -3.82389860770274       c
    2.07142329150854     -1.04586514422188     -6.53147930180530       c
    0.10490984656211      3.46800648665197     -6.17288487239631       c
   -4.03944076947755      5.80404812739185      0.17114040086016       c
   -0.55024478379016      2.75246168956242      6.27572376809844       c
    5.70958071842181     -1.54979463042359      4.00553908280177       c
    3.89079491251449     -5.65549675673502     -1.50915229066126       c
    1.15428629089616     -4.12434616425699      5.51688534549372       c
   -5.08238061765852      0.53593010839612      4.68362950810123       c
   -5.97697696505636      1.88727892929438     -2.65173928711987       c
   -0.42480098418525     -2.01359767209499     -6.77453587595466       c
    3.05275806802670     -4.86821795595468     -4.01022560359084       c
   -2.66050761633813     -0.38116342851539     -6.39978428818013       c
   -6.65451936977968      2.10192347116000     -0.18621795869071       c
   -3.13223994882846     -0.84901237381962      6.06405554487911       c
    2.84577636559644     -5.34163214469593      3.80159983943215       c
    6.77559412258445     -2.03052961817164     -1.12364438178536       c
    3.82263249119924     -0.56366372900113      5.89656911845353       c
   -2.51341133479726      4.26095446580619      5.13429139430199       c
   -3.42784980650367      5.60812132279065     -2.54442174050237       c
    2.47232868884790      1.75106180105298     -6.60113460675900       c
    0.80451688248918      5.39936327780324     -4.66049926033581       c
   -1.87673614724509      7.13125947650027      1.22912133515747       c
    1.95450593617794      3.88763906988637      5.95775845036891       c
    6.85862868850051      0.38934594263502      2.84624879712760       c
    2.03275949499869     -7.17946638993947     -0.38660206030206       c
   -1.12382201604107     -5.22067077545863      5.22138887138599       c
   -6.41658395342805     -1.25055460886297      3.20021339753125       c
   -6.24123626632402     -0.73764514411705     -3.48134795309182       c
   -1.10384950062990     -4.30995506421773     -5.65562903756374       c
    0.58045205589230     -5.95405458716465     -4.23814547148195       c
   -4.55998472776697     -1.79136776956512     -5.21084419961058       c
   -7.32694061670527     -0.41116094101770      0.72167128918558       c
   -3.34054445954596     -3.53807753135309      5.34992804238303       c
    1.42817185704267     -6.91696453396771      2.36023013513509       c
    7.27684397714144      0.26996438443791      0.16968153229195       c
    4.11947067085546      2.20226792837763      5.76081119366041       c
   -1.05545172485211      6.15493247421237      3.45763189022777       c
   -0.91561010190368      6.72377783224721     -3.06534364401671       c
    4.30970939982153      2.90588855362079     -5.04885687620765       c
    3.45343669823110      5.32118530802748     -4.09012322414002       c
    0.10977173393555      7.61353648076601     -0.62341308960954       c
    1.66382448423576      6.17904537956259      4.38975819846068       c
    5.97482267727428      2.76531182720987      3.73950343897695       c
   -0.17009160286099     -7.41980175846938     -2.02011722722495       c
   -1.13479187619452     -6.84995484558848      2.95175220666545       c
   -5.54296356601356     -3.59877553447607      3.58167351304821       c
   -7.03116068367884     -2.21239686040562     -1.34668308709656       c
   -3.73447676748545     -4.39126997936038     -5.08317430263086       c
    4.40876884327441      6.34279014826141     -1.83942350491436       c
    2.66759408930548      7.58309299289829      0.12487801560319       c
    3.46679706193221      6.63930707447644      2.43117045385355       c
    5.80896141531588      4.97929605756018      2.10075184096273       c
   -2.73295971595628     -7.43716834155469     -1.50408971437339       c
   -3.32459517105412     -7.18128052701911      1.26907770433655       c
   -5.36113411830206     -5.39902312710081      1.57288141448814       c
   -6.18571611278252     -4.70791248880267     -0.83310654902864       c
   -4.49082075160567     -5.81842894320025     -2.83632773497331       c
   -0.72984813412684     -1.97431026596402     -0.52745657645330      he
    1.58761749880797      2.29046144661391     -1.02157271488982      he
$end
