$coord
   -3.58717261607087      2.96792826229225     -4.61095064134813       c
   -4.90945177999401      0.55853123284664     -4.78100709530320       c
   -3.71644878025652     -1.53253387200126     -6.00876215847256       c
   -4.54985579573897     -3.75668104944980     -4.97062221464815       c
   -2.64144027974066     -5.82128242964844     -4.61637415532580       c
    4.13587349361721      2.19160987303474     -4.85869373628656       c
    6.24399526646598     -1.70969380645880      1.85805242505092       c
   -0.22305193339408     -3.21196749402642      5.95346877206601       c
   -6.47178285352837     -0.23852123145026      1.89443154267609       c
   -7.03798259498874      1.07732152529240     -0.35645714916203       c
   -2.95819617275043     -2.65077552679631      5.49417083747572       c
    4.90905493750784     -2.82285398770473      4.01999548765515       c
    6.06757043547092      0.96841282927797     -2.87820406589502       c
   -1.00619790313986      3.10858057774815     -5.72246865059176       c
    2.70557758441045      0.45241366231828     -6.36078034096785       c
    6.21391082656194     -2.98043824923727     -0.33879009962291       c
    0.89052020814702     -5.32286716427839      4.66641410310589       c
   -6.05602420884945     -2.88500707994367      1.78850672421244       c
   -6.15935443334399      3.77820503000929     -0.63931891440052       c
   -3.92915635284439      0.04164427255360      5.92364889381942       c
    3.82268918298298     -0.96369418314478      5.51724439345740       c
    6.51197732819916      2.37504558795216     -0.84440333180165       c
    0.56348987419766      5.26789503131303     -4.85961970208763       c
   -4.59600290770234      4.76694753293598     -2.73634232571936       c
    3.11895517417234      4.51958238322247     -4.48966801866964       c
    6.73664686715592      0.99937788155609      1.68979310064036       c
    1.43417740666673     -1.26207248959257      6.74724823071507       c
   -5.35109967258030      1.09816709417315      3.92012346196868       c
   -6.62870571091729     -0.38650946372196     -2.75399236772337       c
   -4.03705971456053     -3.92125729764346      3.39649925009613       c
    3.44867458839705     -4.92914272621261      3.67081189434680       c
    6.35467652558531     -1.63103584624737     -2.86108314720591       c
    0.07494540426698      0.99026373245702     -6.86412779152317       c
    3.08475113131661     -2.16995361164653     -6.45711857880127       c
    5.07251624728797     -5.37717789310014     -0.77687963791653       c
   -0.47664562041436     -6.82593642654448      2.90927116338387       c
   -5.76702839261043     -4.32705708564560     -0.50830798163246       c
   -5.14341877148393      5.07108005543325      1.70426084385050       c
   -2.04345534486408      1.84273808453695      6.84014716700167       c
    4.68771131653042      1.57912884905615      5.63924511206324       c
    5.68775438168238      4.73998114113757     -0.47738450332909       c
   -0.33661313512734      6.69845550217723     -2.82595313854912       c
   -2.92563619162312      6.63781419083799     -1.88396057021954       c
    3.74710013799795      5.88356780271610     -2.11294057446657       c
    5.86754292517928      2.50012656014114      3.53803973683060       c
    0.49252498903959      1.25885995518070      7.21299013139033       c
   -4.77550799228054      3.76023373456410      3.90615838590770       c
   -6.15192780967421     -3.05145415700071     -2.70049422113521       c
   -2.90815622497034     -6.02380437842458      2.19933885288446       c
    3.70809619078567     -6.39426628789622      1.48690643472217       c
    4.95026986428593     -3.16999667679848     -4.49790722457301       c
   -1.25427358987624     -1.42625756447843     -7.12768789412473       c
    0.74952018308419     -3.45098005426909     -6.61678153907090       c
    4.14176943912604     -5.48642296036475     -3.17644064288346       c
    1.24288798997537     -7.45298534921781      0.84605306270845       c
   -4.05504990726696     -6.50243421126980     -0.20485953999231       c
   -3.11402298898707      6.79692913053148      0.92990588003647       c
   -2.76417799153510      4.18066000277084      5.59264446582997       c
    2.52046001324211      2.89984143002198      6.60882579208623       c
    5.15252725140463      4.95775317973945      2.35299248407778       c
    1.71360742926290      7.14717097046962     -1.06306543140823       c
   -0.04713165927429     -5.63882937231582     -5.58444305444909       c
    1.75485637111123     -6.82070188517927     -3.91400074932490       c
    0.30746788910724     -7.73196561699631     -1.77360623371977       c
   -2.50097693689722     -7.21584361783852     -2.19520035267153       c
   -1.03526944984111      7.16801464962424      2.57979741355536       c
   -0.84068057133614      5.86106116457181      5.04571993084078       c
    1.84308012496551      5.16150345049660      5.50615170110585       c
    3.01337617558950      6.04328745476947      3.26372709257992       c
    1.35106536197957      7.60474925428650      1.48810074163293       c
    0.69213486985768     -1.86624438780117     -2.03580195405934      he
    0.60819890458018      1.59759147329375      1.27751722120913      he
$end
