$coord
   -2.55589237807885      6.10094299883181      0.87214073185891       c
   -0.74776651724054      6.83797398195835     -0.92576926954967       c
    1.90433370756913      7.11782352375418     -0.32855534293193       c
    3.38727738660795      6.34749556631173     -2.32810479101646       c
    5.74488080242982      5.09814093353790     -2.12720800670749       c
    0.73773585097103      1.54630619599753      6.42497433742139       c
    3.06192323973114     -5.08895686457221      3.04406532785342       c
    1.45999106552912     -4.74166299738849     -4.64955774607423       c
   -2.32120729066157      2.26563044533633     -6.00821413789642       c
   -2.97170771454150      4.39140226018910     -4.34733384696283       c
    0.04793668260338     -2.82952472092466     -6.08813065570684       c
    3.26064683899678     -6.08807396392311      0.49645750910493       c
    1.87961420013290     -0.95086105303245      6.35928745732940       c
   -1.91249732442751      5.40801822345403      3.61289178862702       c
    2.10192347116000      3.59798184950373      5.53432751762402       c
    5.00801989465449     -3.09724222100039      3.79241577046647       c
    4.00330920597471     -4.33321759281188     -3.90279467340586       c
    0.26694649181689      1.96809306701400     -6.77657678016926       c
   -4.95246194659049      3.89351611813395     -2.51303338957233       c
   -2.49281332003884     -2.63921040291360     -5.71868919834251       c
    0.69605983101853     -6.90834738283941     -0.41566982755106       c
    0.24855567717203     -3.01137306589740      6.38842703417112       c
   -3.13259899679214      3.69715467652409      4.95694059750586       c
   -4.67168643899360      4.80171849362910     -0.09806204600431       c
   -2.00866548690972      1.69280532408302      6.33878392887721       c
    1.07460598885132     -5.15870665583215      4.65498126005191       c
   -0.13036785896785     -6.54245861058937     -2.99495134587440       c
   -3.86632295920059     -0.01777272302402     -5.78362018798465       c
   -0.80689604768008      6.08110087452324     -3.54317979188958       c
    1.43237649766997     -0.69385074117884     -6.91407325299703       c
    4.90366921805266     -5.07170366505438     -1.15492879777853       c
    4.39096762318044     -1.16969133826411      5.43974672508650       c
    0.69020923893669      5.63079803628616      4.19184718142862       c
    4.61703555946942      3.38841122228273      4.50985029368065       c
    6.64558096521020     -2.19712787331864      2.00620884294770       c
    5.17975820486048     -2.07733813427862     -4.67134628829116       c
    2.18104630399808      3.49533192641406     -6.22978452600879       c
   -6.69265404297463      1.90569431037886     -2.70234615273734       c
   -3.99089370533592     -4.06865593536427     -4.27616676110942       c
   -1.40753037858339     -7.04223447876915      1.25020500952992       c
   -2.40584812378356     -2.87797729876006      6.27324822687518       c
   -5.53166300378829      2.58877361264734      4.08124151135428       c
   -6.29350609093117      3.15538909385513      1.54718113919323       c
   -3.66799620242111     -0.58391025470037      6.40437632266297       c
   -1.22130731763214     -6.19208448982251      3.74513482282834       c
   -2.87317739440351     -6.30826485196450     -2.78409570488865       c
   -6.04478033840793     -0.26341648341608     -4.25851671910542       c
    1.75036260238687      5.65011103727984     -4.42897001554666       c
    3.96445643685240     -0.38546444517504     -6.24244569104378       c
    6.62207277221986     -3.14064923008305     -0.64727088193294       c
    5.59143504111021      0.98981019818711      4.44471143416480       c
    2.64149697152439      6.53372807589360      2.18064946151191       c
    4.90578571131224      5.17898341714939      2.61795098401156       c
    7.17460979379918      0.36491367356973      2.33966991489917       c
    6.84377544116095     -1.26287562319553     -2.66795313726915       c
    4.66548813730483      2.16273485785046     -5.67443181250377       c
   -7.37913485226743      1.37195250483506     -0.15645212661128       c
   -6.23849616344332     -2.64463391689127     -3.27644494939865       c
   -3.66589860642278     -6.72855883934252     -0.18100363739503       c
   -3.32877146578954     -4.68888294672769      4.74546134689899       c
   -5.84416701301766     -0.07359387214265      5.02941159438526       c
    6.70682698890932      4.61083725778065      0.43242980855036       c
    7.73944893244983      2.09336301181544      0.42724817951664       c
    7.40324775761766      1.16722902512372     -2.11362087587143       c
    6.43404502281959      3.00388975044388     -3.84139747161677       c
   -7.97111045806770     -1.23191246064354      0.88683335247788       c
   -6.95092291242723     -3.26380268162491     -0.71454891142187       c
   -5.68788666251111     -5.28169003202280      0.73563258579432       c
   -5.67089802465072     -4.55558166589659      3.36180387844800       c
   -6.98293487297839     -1.96510729973709      3.40950056583355       c
   -1.52273186259282     -1.46933387148927     -0.04845522345198      he
$end
